function [K] = fnc_K()

K = zeros(3,8);

  K(1,1)=-27.6747;
  K(1,2)=-134.5071;
  K(1,3)=-85.7621;
  K(1,4)=-26.8091;
  K(1,5)=-40.6457;
  K(1,6)=-30.0189;
  K(1,7)=-20.0434;
  K(1,8)=-8.3542;
  K(2,1)=1.3852;
  K(2,2)=-4.2288;
  K(2,3)=-13.5079;
  K(2,4)=-4.1678;
  K(2,5)=1.4618;
  K(2,6)=-0.8753;
  K(2,7)=-2.312;
  K(2,8)=-0.88911;
  K(3,1)=8.4641;
  K(3,2)=13.2493;
  K(3,3)=8.5332;
  K(3,4)=-3.4992;
  K(3,5)=9.8537;
  K(3,6)=2.3574;
  K(3,7)=1.8868;
  K(3,8)=-1.368;

 