function [tau_lin] = fnc_tauLin()

tau_lin = zeros(4,1);

  tau_lin(1,1)=0;
  tau_lin(2,1)=0.0000000000000014557804700113726404407220566755;
  tau_lin(3,1)=6.0356781324077575019169643379825;
  tau_lin(4,1)=-1.040538852;

 