function [B] = fnc_B()

B = zeros(4,3);

  B(1,1)=14.557669786640753104665476234955;
  B(1,2)=-0.33181764168624040271821968440204;
  B(1,3)=-2.200555124433360344313617184619;
  B(2,1)=-58.565411646987828622136195342407;
  B(2,2)=9.4483761224035973803954628641916;
  B(2,3)=7.741116236382275470481687537245;
  B(3,1)=14.978670150507604092365790937559;
  B(3,2)=-14.43398377750737650268116976277;
  B(3,3)=4.1856919139747065949280534172857;
  B(4,1)=44.417034976938281209041973947562;
  B(4,2)=4.1856919139747065949280534172857;
  B(4,3)=-17.414185798700417096345472859696;

 