function [K] = fnc_K()

K = zeros(1,4);

  K(1,1)=-180.2776;
  K(1,2)=-640.8739;
  K(1,3)=-166.8606;
  K(1,4)=-85.4558;

 