function [K] = fnc_K()

K = zeros(2,6);

  K(1,1)=-2.2361;
  K(1,2)=5.2281e-14;
  K(1,3)=-86.9163;
  K(1,4)=-14.7526;
  K(1,5)=-3.798e-15;
  K(1,6)=-23.5502;
  K(2,1)=-2.3172e-15;
  K(2,2)=2.3166;
  K(2,3)=1.1234e-12;
  K(2,4)=-2.4281e-14;
  K(2,5)=1.4234;
  K(2,6)=-2.0675e-14;

 