function [B] = fnc_B()

B = zeros(3,2);

  B(1,1)=9.8060147686803697473377035814826;
  B(1,2)=0;
  B(2,1)=0;
  B(2,2)=88.809946714031971580817051509769;
  B(3,1)=-23.178677878040248882763118264676;
  B(3,2)=0;

 