function [A] = fnc_A()

A = zeros(3,6);

  A(1,1)=0;
  A(1,2)=0;
  A(1,3)=137739.59532993975137799215904538;
  A(1,4)=0;
  A(1,5)=0;
  A(1,6)=0;
  A(2,1)=0;
  A(2,2)=-177.61989342806394316163410301954;
  A(2,3)=0;
  A(2,4)=0;
  A(2,5)=0;
  A(2,6)=0;
  A(3,1)=0;
  A(3,2)=0;
  A(3,3)=-186090.15066431050947664270045172;
  A(3,4)=0;
  A(3,5)=0;
  A(3,6)=0;

 