function [tau_lin] = fnc_tauLin()

tau_lin = zeros(3,1);

  tau_lin(1,1)=0;
  tau_lin(2,1)=59.445853199999995597480051401362;
  tau_lin(3,1)=0;

 