function [A] = fnc_A()

A = zeros(3,6);

  A(1,1)=0;
  A(1,2)=0;
  A(1,3)=-15405.063656747818570205968776118;
  A(1,4)=0;
  A(1,5)=0;
  A(1,6)=0;
  A(2,1)=0;
  A(2,2)=-88.809946714031971580817051509769;
  A(2,3)=0;
  A(2,4)=0;
  A(2,5)=0;
  A(2,6)=0;
  A(3,1)=0;
  A(3,2)=0;
  A(3,3)=34610.275081826459403428505758411;
  A(3,4)=0;
  A(3,5)=0;
  A(3,6)=0;

 