function [K] = fnc_K()

K = zeros(2,6);

  K(1,1)=-2.2361;
  K(1,2)=-4.4282e-15;
  K(1,3)=-93.8098;
  K(1,4)=-14.7532;
  K(1,5)=-3.8277e-15;
  K(1,6)=-25.395;
  K(2,1)=9.1246e-16;
  K(2,2)=0.095445;
  K(2,3)=-8.4713e-13;
  K(2,4)=-3.2688e-15;
  K(2,5)=1.4146;
  K(2,6)=-9.7241e-15;

 