function [B] = fnc_B()

B = zeros(3,2);

  B(1,1)=17.582905660892245194447882353672;
  B(1,2)=0;
  B(2,1)=0;
  B(2,2)=177.61989342806394316163410301954;
  B(3,1)=-24.101383731444252111253460939588;
  B(3,2)=0;

 