function [K] = fnc_K()

K = zeros(2,6);

<<<<<<< HEAD
<<<<<<< HEAD
=======
>>>>>>> adding_folders
  K(1,1)=0.031623;
  K(1,2)=2.2861e-15;
  K(1,3)=-2990.2407;
  K(1,4)=0.47342;
  K(1,5)=2.0059e-16;
  K(1,6)=-15.8943;
  K(2,1)=-4.7757e-15;
  K(2,2)=4.099;
  K(2,3)=4.3133e-13;
  K(2,4)=-7.1929e-14;
  K(2,5)=0.76962;
  K(2,6)=-3.4332e-14;
<<<<<<< HEAD
=======
  K(1,1)=-2.2361;
  K(1,2)=5.2281e-14;
  K(1,3)=-86.9163;
  K(1,4)=-14.7526;
  K(1,5)=-3.798e-15;
  K(1,6)=-23.5502;
  K(2,1)=-2.3172e-15;
  K(2,2)=2.3166;
  K(2,3)=1.1234e-12;
  K(2,4)=-2.4281e-14;
  K(2,5)=1.4234;
  K(2,6)=-2.0675e-14;
>>>>>>> b6f1ecc8a3fb2eda4e78b6658502c98c386c0207
=======
>>>>>>> adding_folders

 