function [K] = fnc_K()

K = zeros(2,6);

  K(1,1)=0.031623;
  K(1,2)=2.2861e-15;
  K(1,3)=-2990.2407;
  K(1,4)=0.47342;
  K(1,5)=2.0059e-16;
  K(1,6)=-15.8943;
  K(2,1)=-4.7757e-15;
  K(2,2)=4.099;
  K(2,3)=4.3133e-13;
  K(2,4)=-7.1929e-14;
  K(2,5)=0.76962;
  K(2,6)=-3.4332e-14;

 