function [tau_lin] = fnc_tauLin()

tau_lin = zeros(3,1);

  tau_lin(1,1)=0;
<<<<<<< HEAD
<<<<<<< HEAD
  tau_lin(2,1)=59.445853199999995597480051401362;
=======
  tau_lin(2,1)=-141.21926640000001597741174919065;
>>>>>>> b6f1ecc8a3fb2eda4e78b6658502c98c386c0207
=======
  tau_lin(2,1)=59.445853199999995597480051401362;
>>>>>>> adding_folders
  tau_lin(3,1)=0;

 