function [tau_lin] = fnc_tauLin()

tau_lin = zeros(4,1);

  tau_lin(1,1)=0;
  tau_lin(2,1)=0.0000000000000003838542073612158291998014254974;
  tau_lin(3,1)=-2.7135387407508882927490880963782;
  tau_lin(4,1)=-1.0628978075003595997771691812999;

 