function [A] = fnc_A()

A = zeros(4,8);

  A(1,1)=0;
  A(1,2)=-45.505995613729228261876031362785;
  A(1,3)=-23.524750194620801243043629054762;
  A(1,4)=-0.12841023642834512394392077830385;
  A(1,5)=0;
  A(1,6)=0;
  A(1,7)=0;
  A(1,8)=0;
  A(2,1)=0;
  A(2,2)=197.09933273266908070561271698063;
  A(2,3)=61.38927101946851203820414238646;
  A(2,4)=-5.5010563759662813460458904561339;
  A(2,5)=0;
  A(2,6)=0;
  A(2,7)=0;
  A(2,8)=0;
  A(3,1)=0;
  A(3,2)=-25.506469195177439699720461137516;
  A(3,3)=55.491697001693437993571665305741;
  A(3,4)=3.237921884125126073304269430166;
  A(3,5)=0;
  A(3,6)=0;
  A(3,7)=0;
  A(3,8)=0;
  A(4,1)=0;
  A(4,2)=-169.1543319047621411223987603071;
  A(4,3)=-102.79200558108485398087126841744;
  A(4,4)=22.211964661367154634064160498227;
  A(4,5)=0;
  A(4,6)=0;
  A(4,7)=0;
  A(4,8)=0;

 