function [A] = fnc_A()

A = zeros(2,4);

  A(1,1)=0;
  A(1,2)=-163.52282881876570790282044121754;
  A(1,3)=0;
  A(1,4)=0;
  A(2,1)=0;
  A(2,2)=490.62478082811771604862985427704;
  A(2,3)=0;
  A(2,4)=0;

 