function [B] = fnc_B()

B = zeros(2,1);

  B(1,1)=2.3270967141394396351112352229359;
  B(2,1)=-6.5869306069785152002922109964501;

 