function [K] = fnc_K()

K = zeros(1,4);

  K(1,1)=135.3706;
  K(1,2)=-70.4877;
  K(1,3)=0;
  K(1,4)=-264.6706;

 