function [B] = fnc_B()

B = zeros(2,1);

  B(1,1)=85.326879518446119954078624840982;
  B(2,1)=-1762.3801144510109094822426071086;

 