function [B] = fnc_B()

B = zeros(2,1);

  B(1,1)=45.371875842635842452146131378715;
  B(2,1)=-129.54523622075319504548680862434;

 