function [K] = fnc_K()

K = zeros(1,4);

  K(1,1)=-121.3644;
  K(1,2)=-72.5887;
  K(1,3)=0;
  K(1,4)=-257.5099;

 